Iteration Successive Approximation (p)  Function Value (g(p))         Relative Error (|pn+1-pn| / |pn+1|-p0)1         1.500000000000000             1.705651721310180             1.000000000000000
2         1.705651721310180             1.785458211595590             0.279573286188978
3         1.785458211595590             1.814164970826760             0.091374793171961
4         1.814164970826760             1.824158560729760             0.030829325872173
5         1.824158560729760             1.827595416610010             0.010491159845329
6         1.827595416610010             1.828772301452400             0.003579635015442
7         1.828772301452400             1.829174704968650             0.001222461842229
8         1.829174704968650             1.829312225780450             0.000417600079919
9         1.829312225780450             1.829359215130560             0.000142669000743
10        1.829359215130560             1.829375269919190             0.000048743151342
Asymptotic Constant (c)
1.000000000000000
0.375630959298673
0.354961192249535
0.346341482627325
0.342972163646045
0.341183156765806
0.338774248239201
0.332629252751688
0.314332781314349
0.254659496524415
